Webots Project File version R2021a
perspectives: 000000ff00000000fd0000000300000000000001bd000002e4fc0100000003fb0000001e00480074006d006c0052006f0062006f007400570069006e0064006f00770000000000000001be0000000000000000fb0000001e00480074006d006c0052006f0062006f007400570069006e0064006f00770000000000000001bd0000000000000000fb0000001a0044006f00630075006d0065006e0074006100740069006f006e0000000000ffffffff0000006900ffffff000000010000024c00000263fc0200000001fb0000001400540065007800740045006400690074006f00720100000015000002630000008700ffffff00000003000005570000005ffc0100000001fb0000001a0043006f006e0073006f006c00650041006c006c0041006c006c0100000000000005570000006900ffffff000003090000026300000001000000020000000100000008fc00000000
simulationViewPerspectives: 000000ff0000000100000002000001c0000001470100000002010000000100
sceneTreePerspectives: 000000ff0000000100000002000000c0000000fb0100000002010000000200
minimizedPerspectives: 000000ff00000000fd0000000300000000000002eb0000021bfc0100000002fb0000001e00480074006d006c0052006f0062006f007400570069006e0064006f00770000000000000002eb0000000000000000fb0000001a0044006f00630075006d0065006e0074006100740069006f006e0000000000ffffffff0000006900ffffff000000010000027900000188fc0200000001fb0000001400540065007800740045006400690074006f0072010000001f000001880000008a00ffffff00000003000004eb000000d8fc0100000001fb0000001a0043006f006e0073006f006c00650041006c006c0041006c006c0100000000000004eb0000006900ffffff000002700000018800000001000000020000000100000008fc00000000
maximizedDockId: -1
centralWidgetVisible: 1
orthographicViewHeight: 1
textFiles: 0 "controllers/Speed_Line_Follower_V4/Speed_Line_Follower_V4.c"
consoles: Console:All:All
renderingDevicePerspectives: robot:camera;1;2.78889;0.226299;0.693237
